000000 000046280
000001 000429620
000002 000450454
000003 000505440
000004 000506080
000005 000947327
000006 001519934
000007 001549894
000008 001809774
000009 002338014
000010 002338414
000011 002409374
000012 002613894
000013 002639600
000014 002802360
000015 002816934
000016 003210247
000017 003446574
000018 003618000
000019 003921207
000020 003948807
000021 004317294
000022 004329400
000023 004441414
000024 004447734
000025 004519160
000026 004651880
000027 004805814
000028 004850694
000029 004924334
000030 004936934
000031 005910254
000032 010244174
000033 010419920
000034 010519417
000035 010620475
000036 010724803
000037 010805120
000038 010806840
000039 011058967
000040 011326080
000041 011345040
000042 011457120
000043 011500040
000044 011506440
000045 012035248
000046 012048128
000047 012317840
000048 012332520
000049 012404000
000050 012421760
000051 012917728
000052 012943150
000053 013224647
000054 013836768
000055 013847328
000056 013925520
000057 013946567
000058 000519240
000059 000633160
000060 001425880
000061 001604640
000062 001847600
000063 001955937
000064 002023857
000065 002127847
000066 002516407
000067 002516934
000068 003210880
000069 003236644
000070 003307280
000071 003420687
000072 003708960
000073 003815934
000074 004141880
000075 004418334
000076 004424374
000077 004523000
000078 004825734
000079 004828414
000080 004949960
000081 005923627
000082 005927974
000083 010206973
000084 010223767
000085 010300163
000086 010942127
000087 011304200
000088 011346520
000089 011743763
000090 011756043
000091 011911207
000092 012024040
000093 012904560
000094 012926720
000095 013607568
000096 014403887
000097 014601640
000098 000331374
000099 000340094
000100 000359934
000101 000404334
000102 000427294
000103 000607974
000104 000738534
000105 001055020
000106 001113440
000107 001114600
000108 001740654
000109 001846440
000110 002021400
000111 002206014
000112 002241000
000113 002404654
000114 002414574
000115 003314854
000116 003316894
000117 003439750
000118 003659374
000119 003714360
000120 003839880
000121 004242574
000122 004311280
000123 004313680
000124 004331934
000125 004513880
000126 004545894
000127 004722480
000128 005031040
000129 005159337
000130 005637734
000131 010226800
000132 010543574
000133 010839487
000134 010845040
000135 010932520
000136 011029550
000137 011034640
000138 011613697
000139 012430040
000140 012948087
000141 013016270
000142 013152487
000143 013645920
000144 013925480
000145 013949200
000146 015256413
000147 020238240
000148 000059880
000149 000326680
000150 000426174
000151 000456960
000152 000513320
000153 000812598
000154 000837207
000155 000901567
000156 000909927
000157 001244640
000158 001255040
000159 001335200
000160 001345207
000161 001414094
000162 001719520
000163 001748527
000164 001807000
000165 001905680
000166 001941000
000167 001954560
000168 002148094
000169 002252017
000170 002417934
000171 002522600
000172 002604920
000173 002629654
000174 002723534
000175 002818854
000176 003125214
000177 003140160
000178 003142087
000179 003539527
000180 003605560
000181 003722087
000182 003729254
000183 004157440
000184 004248054
000185 004355094
000186 004425334
000187 004630654
000188 004850214
000189 004910007
000190 004946320
000191 005332407
000192 005524454
000193 010028014
000194 010102537
000195 010128697
000196 010156083
000197 010258723
000198 010310407
000199 010401800
000200 010404607
000201 010450167
000202 010702094
000203 011230520
000204 011340288
000205 011524247
000206 011526007
000207 011720723
000208 012347000
000209 012559640
000210 013327047
000211 014140967
000212 015407880
000213 000029301
000214 000207560
000215 000401054
000216 000427934
000217 000444054
000218 000452240
000219 000531367
000220 000620800
000221 000645280
000222 000746734
000223 000852880
000224 000921720
000225 001030334
000226 001305880
000227 001522614
000228 001648934
000229 001735207
000230 001753894
000231 001819890
000232 002006160
000233 002020400
000234 002144977
000235 002249887
000236 002601134
000237 002614174
000238 002640847
000239 002852720
000240 002905934
000241 002913374
000242 002927520
000243 003012143
000244 003315480
000245 003349414
000246 003423394
000247 003907774
000248 003934614
000249 004034294
000250 004245040
000251 004353174
000252 004438447
000253 004540360
000254 004552400
000255 004607000
000256 004619614
000257 004643374
000258 004723374
000259 004818054
000260 004855047
000261 004951200
000262 005250600
000263 005727614
000264 010114657
000265 010224243
000266 010247814
000267 010431760
000268 010605600
000269 010658723
000270 011004800
000271 011730883
000272 011758680
000273 012019363
000274 012135680
000275 014103760
000276 000141494
000277 000150854
000278 000217360
000279 000317144
000280 000410614
000281 000451774
000282 000510760
000283 000746480
000284 001059240
000285 001733000
000286 001821420
000287 002020680
000288 002154017
000289 002215207
000290 002300417
000291 002302057
000292 002410291
000293 004742120
000294 004954200
000295 004957440
000296 005207737
000297 005231565
000298 005239072
000299 005718367
000300 010205440
000301 010242118
000302 010438843
000303 010553167
000304 010727800
000305 010730723
000306 010805360
000307 011229345
000308 011435400
000309 011437680
000310 011441497
000311 011450480
000312 011530800
000313 011532650
000314 012325488
000315 012331480
000316 012336688
000317 012404727
000318 012830960
000319 012949160
000320 013610680
000321 013908880
000322 013957240
000323 014001000
000324 014005640
000325 014427000
000326 014525280
000327 014611480
000328 000102534
000329 000105880
000330 000116560
000331 000252168
000332 000455174
000333 000621960
000334 000643974
000335 000652814
000336 000658734
000337 000856334
000338 000954534
000339 001413047
000340 001610960
000341 001759754
000342 001947263
000343 002315574
000344 002338374
000345 002518734
000346 002551974
000347 002712120
000348 003150857
000349 003256320
000350 003314534
000351 003403857
000352 003424334
000353 003440294
000354 003637840
000355 003715767
000356 003723054
000357 004407487
000358 005122854
000359 005221727
000360 005738807
000361 005841913
000362 005913697
000363 010014374
000364 010027534
000365 010123320
000366 010955360
000367 011018537
000368 011549760
000369 011603080
000370 011603980
000371 011631117
000372 012101720
000373 012422360
000374 012554740
000375 012726680
000376 013437680
000377 015143720
000378 015251560
000379 015337240
